5,860.00,21.04,915.96,61.23,21.40,915.03,65519,0.00,0.00,0.00,0.00,0.00,0.00,0.00,0.00,0.00,0.00,0.00,0.00,0.00,0.00,0.00,0.00,0.00,0.00,0.00,0,0,0,0,0,0,0.0000000,0.0000000,0.00,0.00,0.00,0.00,0,0,0,0,a,-41.56,21.83,a,-40.51,20.85,a,77.33,20.36,a,-34.20,20.76,fin
8,870.00,21.09,915.93,61.15,21.40,915.03,26090,2.08,0.34,9.52,0.00,0.07,-0.04,0.44,1.19,0.00,-8.25,-8.25,-32.69,358.94,12.25,1.56,0.99,0.01,-0.11,0.01,0,0,0,0,0,0,0.0000000,0.0000000,0.00,0.00,0.00,0.00,0,0,0,0,a,-43.66,21.83,a,-33.14,20.85,a,77.33,20.36,a,-34.20,20.76,fin
10,880.00,21.04,915.96,61.07,21.37,915.04,26475,2.05,0.25,9.55,-0.03,0.00,-0.02,-0.25,-0.25,0.31,-8.25,-9.50,-33.06,358.94,12.25,1.56,0.99,0.01,-0.11,0.01,2020,8,2,0,0,23,165.6029184,0.6031105,34080.74,0.00,2359.30,0.00,0,0,0,0,a,-43.66,21.83,a,-40.51,20.95,a,77.33,20.36,a,-34.20,20.76,fin
14,890.00,21.05,915.94,60.97,21.37,915.04,27325,2.11,0.20,9.55,0.00,-0.06,-0.01,-0.19,-0.19,0.00,-8.69,-8.00,-33.50,358.94,12.38,1.56,0.99,0.01,-0.11,0.01,2020,8,2,0,0,30,0.0000000,0.0000000,-17.00,0.00,0.00,0.00,0,0,0,0,a,-38.40,21.93,a,-40.51,20.95,a,78.39,20.36,a,-34.20,20.76,fin
15,900.00,21.04,915.94,60.57,21.34,915.04,27388,2.07,0.16,9.46,-0.04,-0.10,-0.10,-0.75,-1.00,0.25,-8.25,-8.69,-32.00,358.94,12.44,1.56,0.99,0.01,-0.11,0.01,2020,8,2,0,0,31,0.0000000,0.0000000,-17.00,0.00,0.00,0.00,0,0,0,0,a,-38.40,21.93,a,-42.61,20.95,a,82.59,20.36,a,-34.20,20.76,fin
17,910.00,21.04,915.95,60.40,21.31,915.05,27767,2.17,0.17,9.53,0.07,-0.08,-0.03,-0.06,-0.50,-0.06,-7.56,-8.56,-32.88,358.94,12.31,1.56,0.99,0.01,-0.11,0.01,2020,8,2,0,0,33,0.0000000,0.0000000,-17.00,0.00,0.00,0.00,0,0,0,0,a,-38.40,21.93,a,-40.51,20.95,a,78.39,20.36,a,-34.20,20.85,fin
18,920.00,21.03,915.93,60.59,21.30,915.05,27811,2.56,0.05,9.45,0.47,0.02,-0.12,-5.81,6.56,0.88,-8.56,-7.38,-32.19,358.94,12.31,0.12,0.99,0.00,-0.11,0.01,2020,8,2,0,0,34,0.0000000,0.0000000,-17.00,0.00,0.00,0.00,0,0,0,0,a,-36.30,21.93,a,-39.46,20.95,a,77.33,20.46,a,-34.20,20.85,fin
19,930.00,21.03,915.95,60.77,21.29,915.05,27899,2.03,-0.50,9.71,-0.08,-0.56,0.14,6.00,5.12,-0.12,-5.75,-5.06,-33.38,0.75,12.44,0.31,0.99,0.00,-0.11,-0.01,2020,8,2,0,0,35,0.0000000,0.0000000,-17.00,0.00,0.00,0.00,0,0,0,0,a,-38.40,21.93,a,-39.46,20.95,a,79.44,20.46,a,-36.30,20.85,fin
20,940.00,21.02,915.96,60.54,21.26,915.05,27960,2.29,-4.77,9.68,-0.01,-2.74,0.37,-4.00,-10.19,45.69,-5.19,3.38,-31.50,347.62,13.56,-12.31,0.98,-0.09,-0.13,0.11,2020,8,2,0,0,36,0.0000000,0.0000000,-17.00,0.00,0.00,0.00,0,0,0,0,a,-40.51,21.93,a,-42.61,20.95,a,79.44,20.36,a,-33.14,20.85,fin
23,950.00,21.03,915.93,60.40,21.27,915.05,28321,-1.70,0.92,9.77,-0.39,-0.05,0.10,-8.62,2.31,-0.62,15.38,-8.06,-36.19,347.88,-7.62,5.75,0.99,0.04,0.07,0.10,2020,8,2,0,0,39,0.0000000,0.0000000,-17.00,0.00,0.00,0.00,0,0,0,0,a,-41.56,21.93,a,-37.35,20.95,a,78.39,20.46,a,-34.20,20.85,fin
25,960.00,21.04,915.91,60.25,21.25,915.05,28376,-1.15,1.39,9.71,-0.41,0.15,0.01,-0.44,0.38,0.06,13.56,-9.38,-35.88,348.25,-4.38,7.31,0.99,0.06,0.04,0.10,2020,8,2,0,0,41,0.0000000,0.0000000,-17.00,0.00,0.00,0.00,0,0,0,0,a,-43.66,21.93,a,-40.51,20.95,a,78.39,20.46,a,-34.20,20.85,fin
27,970.00,21.04,915.93,60.34,21.25,915.05,28456,-0.52,1.33,9.81,-0.04,-0.29,0.15,4.12,-2.50,0.00,12.88,-11.00,-37.00,348.44,-2.75,9.56,0.99,0.08,0.03,0.10,2020,8,2,0,0,43,0.0000000,0.0000000,-17.00,0.00,0.00,0.00,0,0,0,0,a,-41.56,21.93,a,-40.51,20.95,a,81.54,20.46,a,-34.20,20.85,fin
28,980.00,21.05,915.98,60.53,21.23,915.03,28691,-0.41,1.65,9.77,-0.03,0.12,0.02,-0.12,0.25,0.00,12.50,-11.38,-37.00,348.44,-2.12,8.94,0.99,0.08,0.03,0.10,2020,8,2,0,0,44,0.0000000,0.0000000,-17.00,0.00,0.00,0.00,0,0,0,0,a,-38.40,21.93,a,-40.51,20.95,a,82.59,20.46,a,-36.30,20.85,fin
30,990.00,21.06,915.94,60.71,21.24,915.06,28726,-0.15,1.57,9.73,-0.29,0.14,0.03,-5.56,5.94,-0.31,10.69,-11.25,-39.06,348.44,0.81,8.31,0.99,0.07,0.00,0.10,2020,8,2,0,0,46,0.0000000,0.0000000,-17.00,0.00,0.00,0.00,0,0,0,0,a,-38.40,21.93,a,-40.51,20.95,a,81.54,20.46,a,-36.30,20.85,fin
34,1000.00,21.06,915.94,61.17,21.23,915.06,28979,0.07,0.91,9.88,-0.03,0.24,0.10,0.69,4.31,-0.31,13.06,-6.38,-38.25,347.38,0.56,3.88,0.99,0.03,-0.00,0.11,2020,8,2,0,0,50,0.0000000,0.0000000,-17.00,0.00,0.00,0.00,0,0,0,0,a,-35.25,21.93,a,-39.46,20.95,a,77.33,20.46,a,-36.30,20.85,fin
36,1010.00,21.07,915.93,60.52,21.22,915.06,28996,1.22,0.66,9.37,0.75,0.15,-0.40,2.31,-4.12,-0.94,13.00,-7.38,-38.06,347.56,2.69,3.00,0.99,0.03,-0.02,0.11,2020,8,2,0,0,52,0.0000000,0.0000000,-17.00,0.00,0.00,0.00,0,0,0,0,a,-36.30,21.93,a,-39.46,20.95,a,81.54,20.46,a,-36.30,20.85,fin
38,1020.00,21.08,915.93,60.96,21.23,915.05,29023,-0.09,1.06,9.67,-0.19,-0.26,-0.03,0.31,16.81,-2.50,15.06,-10.25,-37.06,348.06,0.56,7.69,0.99,0.07,0.00,0.10,2020,8,2,0,0,54,0.0000000,0.0000000,-17.00,0.00,0.00,0.00,0,0,0,0,a,-41.56,21.93,a,-40.51,20.95,a,81.54,20.46,a,-37.35,20.85,fin
40,1030.00,21.08,915.92,60.52,21.23,915.05,29059,-0.21,0.79,9.69,-0.03,-0.34,-0.04,-5.56,2.38,0.31,15.06,-9.50,-38.19,348.12,-1.00,6.62,0.99,0.06,0.02,0.10,2020,8,2,0,0,56,0.0000000,0.0000000,-17.00,0.00,0.00,0.00,0,0,0,0,a,-38.40,21.93,a,-39.46,20.95,a,78.39,20.46,a,-36.30,20.85,fin
43,1040.00,21.09,915.88,60.57,21.24,915.04,29123,-0.28,0.94,9.70,-0.02,0.44,-0.08,1.12,-3.44,-0.44,12.56,-4.06,-39.00,347.50,-1.50,2.88,0.99,0.02,0.02,0.11,2020,8,2,0,0,59,0.0000000,0.0000000,-17.00,0.00,0.00,0.00,0,0,0,0,a,-38.40,21.93,a,-40.51,20.95,a,79.44,20.46,a,-36.30,20.85,fin
45,1050.00,21.10,915.93,61.34,21.24,915.04,29202,-0.08,0.49,9.73,0.11,0.14,-0.06,1.19,-1.31,0.31,13.25,-3.00,-37.56,347.50,-1.19,2.00,0.99,0.02,0.01,0.11,2020,8,2,0,1,2,0.0000000,0.0000000,-17.00,0.00,0.00,0.00,0,0,0,0,a,-41.56,21.93,a,-39.46,21.05,a,78.39,20.46,a,-36.30,20.85,fin
46,1060.00,21.12,915.89,61.19,21.25,915.03,29241,-0.25,0.17,9.74,-0.05,-0.09,-0.05,-0.38,0.31,-0.06,12.56,-2.56,-38.25,347.50,-1.12,1.56,0.99,0.01,0.01,0.11,2020,8,2,0,1,3,0.0000000,0.0000000,-17.00,0.00,0.00,0.00,0,0,0,0,a,-40.51,21.93,a,-40.51,20.95,a,78.39,20.46,a,-36.30,20.85,fin
47,1070.00,21.13,915.91,61.01,21.26,915.04,29299,-0.08,0.25,9.73,0.09,0.01,-0.06,0.00,-0.25,0.00,12.19,-2.25,-37.88,347.50,-1.06,1.38,0.99,0.01,0.01,0.11,2020,8,2,0,1,4,0.0000000,0.0000000,-17.00,0.00,0.00,0.00,0,0,0,0,a,-41.56,21.93,a,-42.61,21.05,a,81.54,20.46,a,-34.20,20.85,fin
49,1080.00,21.14,915.92,61.19,21.27,915.04,29328,-0.14,0.18,9.79,0.04,-0.03,0.00,0.38,0.06,0.00,11.88,-3.00,-37.88,347.50,-1.06,1.25,0.99,0.01,0.01,0.11,2020,8,2,0,1,6,0.0000000,0.0000000,-17.00,0.00,0.00,0.00,0,0,0,0,a,-40.51,21.93,a,-42.61,21.05,a,78.39,20.46,a,-36.30,20.85,fin
51,1090.00,21.14,915.92,60.81,21.26,915.03,29366,-0.21,0.18,9.76,0.00,-0.07,-0.03,0.75,0.25,-0.06,11.88,-1.88,-37.56,347.50,-1.31,1.44,0.99,0.01,0.01,0.11,2020,8,2,0,1,8,0.0000000,0.0000000,-17.00,0.00,0.00,0.00,0,0,0,0,a,-41.56,21.93,a,-42.61,21.05,a,79.44,20.46,a,-37.35,20.85,fin
53,1100.00,21.16,915.89,60.61,21.28,915.03,29420,-0.19,0.27,9.74,0.09,-0.02,-0.05,0.44,0.50,0.00,12.56,-2.25,-38.25,347.50,-1.69,1.75,0.99,0.01,0.02,0.11,2020,8,2,0,1,10,0.0000000,0.0000000,-17.00,0.00,0.00,0.00,0,0,0,0,a,-40.51,21.93,a,-39.46,21.05,a,79.44,20.46,a,-39.46,20.85,fin
56,1110.00,21.17,915.89,60.80,21.28,915.03,29454,-0.25,0.30,9.83,0.08,0.00,0.04,0.12,-0.06,0.00,12.56,-3.38,-37.00,347.50,-1.94,1.75,0.99,0.01,0.02,0.11,2020,8,2,0,1,12,0.0000000,0.0000000,-17.00,0.00,0.00,0.00,0,0,0,0,a,-40.51,21.93,a,-40.51,21.05,a,79.44,20.46,a,-36.30,20.85,fin
58,1120.00,21.18,915.91,61.08,21.30,915.03,29496,-0.12,0.41,9.79,0.22,0.12,0.00,0.50,0.50,0.06,13.19,-3.75,-37.38,347.50,-2.00,1.69,0.99,0.01,0.02,0.11,2020,8,2,0,1,14,0.0000000,0.0000000,-17.00,0.00,0.00,0.00,0,0,0,0,a,-40.51,21.93,a,-40.51,21.05,a,79.44,20.46,a,-36.30,20.85,fin
59,1130.00,21.19,915.90,60.97,21.31,915.02,29515,-0.38,0.20,9.71,0.00,0.00,-0.07,-0.81,1.44,0.19,13.19,-3.38,-37.38,347.50,-2.19,1.19,0.99,0.01,0.02,0.11,2020,8,2,0,1,15,0.0000000,0.0000000,-17.00,0.00,0.00,0.00,0,0,0,0,a,-38.40,21.93,a,-42.61,21.05,a,78.39,20.46,a,-36.30,20.85,fin
60,1140.00,21.20,915.87,61.13,21.32,915.01,29523,-0.22,0.11,9.82,0.14,-0.02,0.02,0.06,0.69,0.12,12.50,-2.25,-37.00,347.50,-2.19,0.81,0.99,0.01,0.02,0.11,2020,8,2,0,1,16,0.0000000,0.0000000,-17.00,0.00,0.00,0.00,0,0,0,0,a,-38.40,21.93,a,-40.51,21.05,a,79.44,20.46,a,-34.20,20.85,fin
61,1150.00,21.21,915.89,61.08,21.32,915.00,29559,-0.43,0.17,9.76,-0.02,0.01,-0.03,0.12,-0.75,0.12,13.19,-2.25,-37.69,347.50,-2.38,0.88,0.99,0.01,0.02,0.11,2020,8,2,0,1,17,0.0000000,0.0000000,-17.00,0.00,0.00,0.00,0,0,0,0,a,-38.40,22.03,a,-40.51,21.05,a,78.39,20.46,a,-39.46,20.85,fin
62,1160.00,21.21,915.88,60.90,21.33,915.00,29594,-0.41,0.03,9.77,0.00,-0.20,-0.02,-1.12,0.06,0.06,13.19,-1.88,-37.38,347.50,-2.38,1.38,0.99,0.01,0.02,0.11,2020,8,2,0,1,18,0.0000000,0.0000000,-17.00,0.00,0.00,0.00,0,0,0,0,a,-38.40,21.93,a,-39.46,21.05,a,78.39,20.46,a,-36.30,20.85,fin
64,1170.00,21.22,915.88,60.69,21.32,915.00,29612,-0.47,0.21,9.73,0.00,-0.03,-0.05,-0.12,0.00,0.00,15.06,-2.56,-36.50,347.50,-2.75,1.44,0.99,0.01,0.03,0.11,2020,8,2,0,1,20,0.0000000,0.0000000,-17.00,0.00,0.00,0.00,0,0,0,0,a,-36.30,21.93,a,-39.46,21.05,a,79.44,20.46,a,-37.35,20.85,fin
66,1180.00,21.22,915.88,60.33,21.33,915.00,29634,-0.43,0.24,9.78,0.05,-0.01,-0.01,0.12,0.00,0.00,13.19,-2.56,-38.00,347.50,-2.81,1.50,0.99,0.01,0.03,0.11,2020,8,2,0,1,22,0.0000000,0.0000000,-17.00,0.00,0.00,0.00,0,0,0,0,a,-38.40,21.93,a,-40.51,21.05,a,78.39,20.46,a,-36.30,20.85,fin
70,1190.00,21.23,915.88,60.35,21.36,915.00,29661,-0.46,0.13,9.75,0.01,-0.12,-0.03,0.00,-0.25,0.00,-0.25,-19.75,-47.38,347.50,-2.81,1.50,0.99,0.01,0.03,0.11,2020,8,2,0,1,26,0.0000000,0.0000000,-17.00,0.00,0.00,0.00,0,0,0,0,a,-40.51,21.93,a,-40.51,21.05,a,78.39,20.46,a,-36.30,20.95,fin
72,1200.00,21.26,915.86,60.59,21.37,914.96,29690,-0.55,0.11,9.77,-0.06,-0.14,-0.01,0.06,-0.06,0.19,-0.25,-20.06,-47.38,347.50,-2.81,1.44,0.99,0.01,0.03,0.11,2020,8,2,0,1,28,0.0000000,0.0000000,-17.00,0.00,0.00,0.00,0,0,0,0,a,-40.51,22.03,a,-40.51,21.05,a,81.54,20.46,a,-36.30,20.85,fin
73,1210.00,21.27,915.85,60.69,21.38,914.98,29711,-0.42,0.15,9.77,0.06,-0.07,-0.01,0.19,-0.25,-0.06,-1.06,-19.38,-48.25,347.50,-2.81,1.25,0.99,0.01,0.03,0.11,2020,8,2,0,1,29,0.0000000,0.0000000,-17.00,0.00,0.00,0.00,0,0,0,0,a,-36.30,22.03,a,-42.61,21.05,a,82.59,20.46,a,-34.20,20.85,fin
74,1220.00,21.28,915.84,61.03,21.39,914.99,29735,-0.49,0.12,9.79,0.00,-0.09,0.00,0.31,-0.31,0.00,-1.06,-19.75,-47.88,347.50,-2.81,1.25,0.99,0.01,0.03,0.11,2020,8,2,0,1,30,0.0000000,0.0000000,-17.00,0.00,0.00,0.00,0,0,0,0,a,-38.40,22.03,a,-39.46,21.05,a,79.44,20.46,a,-39.46,20.95,fin
75,1230.00,21.29,915.81,61.02,21.40,914.99,29747,-0.57,0.01,9.70,-0.09,-0.12,-0.09,-0.81,0.62,0.25,-0.25,-11.88,-29.50,347.50,-2.81,0.75,0.99,0.00,0.03,0.11,2020,8,2,0,1,31,0.0000000,0.0000000,-17.00,0.00,0.00,0.00,0,0,0,0,a,-38.40,22.03,a,-40.51,21.05,a,79.44,20.46,a,-36.30,20.95,fin
76,1240.00,21.29,915.88,60.64,21.40,914.98,29768,-0.18,0.62,9.92,0.31,0.49,0.13,-1.25,1.31,-0.25,0.56,-11.19,-28.25,347.50,-2.88,0.75,0.99,0.00,0.03,0.11,2020,8,2,0,1,32,0.0000000,0.0000000,-17.00,0.00,0.00,0.00,0,0,0,0,a,-40.51,22.03,a,-40.51,21.05,a,81.54,20.46,a,-37.35,20.95,fin
80,1240.00,21.30,915.86,60.53,21.41,915.00,29779,-0.52,0.14,9.79,-0.06,0.09,0.00,-0.88,-1.44,-0.06,-0.06,-11.38,-28.25,347.50,-2.62,0.19,0.99,-0.00,0.02,0.11,2020,8,2,0,1,36,0.0000000,0.0000000,-17.00,0.00,0.00,0.00,0,0,0,0,a,-41.56,22.03,a,-42.61,21.05,a,81.54,20.46,a,-37.35,20.85,fin
82,1230.00,21.31,915.81,60.91,21.43,914.97,29812,-0.49,0.04,9.77,-0.05,0.04,-0.02,-0.25,0.00,0.00,-0.56,-11.25,-27.56,347.50,-2.56,0.00,0.99,-0.00,0.02,0.11,2020,8,2,0,1,38,0.0000000,0.0000000,-17.00,0.00,0.00,0.00,0,0,0,0,a,-41.56,22.03,a,-42.61,21.05,a,81.54,20.46,a,-34.20,20.95,fin
83,1220.00,21.33,915.78,60.60,21.43,914.94,29837,-0.49,0.07,9.79,-0.05,0.07,0.00,-0.62,-0.19,0.00,-0.19,-12.38,-29.06,347.50,-2.56,0.00,0.99,-0.00,0.02,0.11,2020,8,2,0,1,40,0.0000000,0.0000000,-17.00,0.00,0.00,0.00,0,0,0,0,a,-40.51,22.03,a,-42.61,21.05,a,79.44,20.46,a,-36.30,20.85,fin
83,1210.00,21.33,915.78,60.60,21.43,914.94,29841,-0.41,0.13,9.73,0.02,0.10,-0.05,-0.44,-0.50,0.00,0.06,-11.69,-28.25,347.50,-2.56,0.00,0.99,-0.00,0.02,0.11,2020,8,2,0,1,40,0.0000000,0.0000000,-17.00,0.00,0.00,0.00,0,0,0,0,a,-40.51,22.03,a,-40.51,21.05,a,79.44,20.46,a,-34.20,20.95,fin
84,1200.00,21.40,915.76,60.11,21.44,914.93,29848,-0.54,0.08,9.75,-0.10,0.09,-0.04,-0.31,-0.25,0.00,-1.00,-11.69,-28.25,347.50,-2.56,0.00,0.99,-0.00,0.02,0.11,2020,8,2,0,1,41,0.0000000,0.0000000,-17.00,0.00,0.00,0.00,0,0,0,0,a,-43.66,22.03,a,-40.51,21.05,a,81.54,20.46,a,-36.30,20.85,fin
85,1190.00,21.35,915.81,60.02,21.45,914.94,29860,-0.43,0.10,9.70,0.01,0.11,-0.08,0.38,0.44,0.00,-1.25,-11.69,-28.25,347.50,-2.56,-0.06,0.99,-0.00,0.02,0.11,2020,8,2,0,1,42,0.0000000,0.0000000,-17.00,0.00,0.00,0.00,0,0,0,0,a,-40.51,22.03,a,-40.51,21.05,a,81.54,20.46,a,-39.46,20.85,fin
86,1180.00,21.36,915.83,60.16,21.44,914.95,29881,-0.43,0.12,9.72,0.01,0.13,-0.07,-0.19,-0.50,0.19,-0.56,-12.00,-29.38,347.50,-2.56,0.00,0.99,-0.00,0.02,0.11,2020,8,2,0,1,43,0.0000000,0.0000000,-17.00,0.00,0.00,0.00,0,0,0,0,a,-43.66,22.03,a,-39.46,21.05,a,81.54,20.46,a,-36.30,20.95,fin
90,1170.00,21.36,915.81,60.24,21.46,914.95,29891,-0.47,0.12,9.78,-0.03,0.13,-0.01,-0.06,-0.44,0.12,0.50,-11.25,-28.69,347.50,-2.56,-0.06,0.99,-0.00,0.02,0.11,2020,8,2,0,1,46,0.0000000,0.0000000,-17.00,0.00,0.00,0.00,0,0,0,0,a,-43.66,22.03,a,-40.51,21.05,a,78.39,20.56,a,-36.30,20.85,fin
92,1160.00,21.37,915.81,60.01,21.48,914.95,29902,-0.44,0.12,9.77,0.00,0.13,-0.02,0.38,-0.06,0.12,-0.19,-12.38,-29.06,347.50,-2.56,-0.06,0.99,-0.00,0.02,0.11,2020,8,2,0,1,48,0.0000000,0.0000000,-17.00,0.00,0.00,0.00,1,1,0,0,a,-40.51,22.03,a,-39.46,21.05,a,79.44,20.56,a,-36.30,20.85,fin
95,1150.00,21.39,915.83,60.90,21.48,914.95,29923,-1.43,0.27,9.73,0.27,0.00,0.08,-1.56,-3.81,0.62,9.88,-1.38,-18.06,4.31,-10.00,1.69,1.00,0.02,0.09,-0.04,2020,8,2,0,1,51,0.0000000,0.0000000,-17.00,0.00,0.00,0.00,1,1,0,0,a,-41.56,22.03,a,-39.46,21.05,a,78.39,20.46,a,-37.35,20.95,fin
97,1140.00,21.40,915.81,60.65,21.50,914.95,29936,-1.51,0.36,9.65,0.07,0.04,-0.01,0.19,0.00,0.00,11.25,-1.25,-17.75,4.19,-9.19,1.69,1.00,0.02,0.08,-0.04,2020,8,2,0,1,53,0.0000000,0.0000000,-17.00,0.00,0.00,0.00,1,0,1,0,a,-40.51,21.93,a,-40.51,21.05,a,79.44,20.56,a,-36.30,20.85,fin
98,1130.00,21.42,915.78,60.63,21.51,914.94,29947,-1.47,0.28,9.63,0.08,0.00,-0.04,-0.69,-0.50,-0.06,16.38,0.19,-17.75,4.12,-9.12,1.69,1.00,0.02,0.08,-0.04,2020,8,2,0,1,54,0.0000000,0.0000000,-17.00,0.00,0.00,0.00,1,0,1,0,a,-41.56,22.03,a,-40.51,21.05,a,79.44,20.56,a,-33.14,20.95,fin
100,1120.00,21.43,915.81,60.69,21.51,914.95,29961,-1.47,0.36,9.67,0.10,0.10,0.00,-0.31,0.06,0.00,16.75,-0.50,-17.88,4.12,-9.19,1.50,1.00,0.02,0.08,-0.04,2020,8,2,0,1,56,0.0000000,0.0000000,-17.00,0.00,0.00,0.00,1,0,1,0,a,-40.51,22.03,a,-40.51,21.05,a,79.44,20.56,a,-34.20,20.85,fin
102,1110.00,21.43,915.79,60.85,21.53,914.95,29970,-1.45,0.38,9.68,0.11,0.12,0.00,0.25,0.06,0.00,16.06,-0.50,-17.50,4.12,-9.19,1.44,1.00,0.02,0.08,-0.04,2020,8,2,0,1,58,0.0000000,0.0000000,-17.00,0.00,0.00,0.00,1,0,1,0,a,-40.51,21.93,a,-40.51,21.05,a,81.54,20.56,a,-37.35,20.95,fin
104,1100.00,21.45,915.80,60.86,21.53,914.94,29983,-1.50,0.33,9.67,0.07,0.08,0.00,-0.44,-0.12,-0.06,15.00,-0.75,-16.75,4.12,-9.19,1.44,1.00,0.02,0.08,-0.04,2020,8,2,0,2,0,0.0000000,0.0000000,-17.00,0.00,0.00,0.00,1,0,1,0,a,-41.56,22.03,a,-39.46,21.05,a,79.44,20.56,a,-36.30,20.85,fin
108,1090.00,21.45,915.79,60.61,21.53,914.93,30002,-1.46,0.27,9.69,0.08,0.04,0.01,-0.19,0.19,0.00,15.69,0.25,-18.25,4.12,-9.06,1.31,1.00,0.01,0.08,-0.04,2020,8,2,0,2,4,0.0000000,0.0000000,-17.00,0.00,0.00,0.00,1,1,0,0,a,-41.56,21.93,a,-39.46,21.05,a,81.54,20.56,a,-39.46,20.95,fin
110,1080.00,21.49,915.78,60.97,21.56,914.94,30017,-1.43,0.34,9.66,0.12,0.12,-0.01,0.25,0.19,0.00,10.19,-1.50,-18.56,4.12,-9.06,1.31,1.00,0.01,0.08,-0.04,2020,8,2,0,2,6,0.0000000,0.0000000,-17.00,0.00,0.00,0.00,1,1,0,0,a,-43.66,22.03,a,-39.46,21.05,a,81.54,20.56,a,-36.30,20.95,fin
112,1070.00,21.51,915.82,61.12,21.58,914.95,30024,-1.53,0.37,9.59,0.00,0.11,-0.08,-0.88,0.12,-0.06,10.19,-1.19,-18.25,4.12,-9.00,1.50,1.00,0.02,0.08,-0.04,2020,8,2,0,2,8,0.0000000,0.0000000,-17.00,0.00,0.00,0.00,1,1,0,0,a,-45.77,22.03,a,-40.51,21.05,a,83.65,20.56,a,-36.30,20.95,fin
113,1060.00,21.52,915.76,60.93,21.58,914.93,30029,-1.49,0.25,9.68,0.01,-0.01,0.00,0.00,0.25,0.06,14.19,1.00,-28.19,4.12,-8.81,1.56,1.00,0.02,0.08,-0.04,2020,8,2,0,2,9,0.0000000,0.0000000,-17.00,0.00,0.00,0.00,0,0,0,0,a,-43.66,22.03,a,-39.46,21.05,a,79.44,20.56,a,-36.30,20.95,fin
114,1050.00,21.54,915.78,60.77,21.59,914.93,30025,-1.46,0.29,9.67,0.04,0.02,-0.01,0.19,-0.25,0.00,13.88,0.69,-27.00,4.12,-8.81,1.56,1.00,0.02,0.08,-0.04,2020,8,2,0,2,10,0.0000000,0.0000000,-17.00,0.00,0.00,0.00,0,0,0,0,a,-43.66,22.03,a,-42.61,21.05,a,78.39,20.56,a,-37.35,20.95,fin
115,1040.00,21.54,915.80,60.66,21.60,914.92,30036,-1.50,0.32,9.63,0.01,0.05,-0.04,-0.06,0.25,-0.06,12.75,-0.06,-28.88,4.12,-8.81,1.56,1.00,0.02,0.08,-0.04,2020,8,2,0,2,11,0.0000000,0.0000000,-17.00,0.00,0.00,0.00,0,0,0,0,a,-43.66,22.03,a,-42.61,21.05,a,79.44,20.56,a,-36.30,20.95,fin
116,1030.00,21.55,915.78,60.47,21.61,914.91,30047,-1.48,0.30,9.66,0.02,0.03,-0.01,0.00,0.06,0.00,14.56,-0.50,-27.38,4.12,-8.81,1.56,1.00,0.02,0.08,-0.04,2020,8,2,0,2,12,0.0000000,0.0000000,-17.00,0.00,0.00,0.00,0,0,0,0,a,-41.56,22.03,a,-40.51,21.05,a,79.44,20.56,a,-36.30,20.95,fin
118,1020.00,21.56,915.75,60.24,21.62,914.91,30044,-1.52,0.37,9.67,0.00,0.09,0.00,-0.25,0.25,-0.06,13.88,1.00,-28.19,4.12,-8.94,1.62,1.00,0.02,0.08,-0.04,2020,8,2,0,2,14,0.0000000,0.0000000,-17.00,0.00,0.00,0.00,0,0,0,0,a,-45.77,22.03,a,-44.72,21.05,a,79.44,20.56,a,-36.30,20.95,fin
119,1010.00,21.57,915.77,60.00,21.63,914.91,30060,-1.46,-0.15,9.65,-0.02,-0.37,-0.04,0.06,0.62,0.00,13.25,-1.06,-26.88,4.06,-8.38,1.25,1.00,0.01,0.07,-0.04,2020,8,2,0,2,15,0.0000000,0.0000000,-17.00,0.00,0.00,0.00,0,0,0,0,a,-43.66,22.03,a,-40.51,21.05,a,81.54,20.56,a,-37.35,20.95,fin
120,1000.00,21.57,915.78,59.96,21.63,914.91,30065,-1.35,-0.16,9.69,0.05,-0.36,0.00,-1.25,-1.88,0.44,13.69,0.06,-28.00,4.06,-8.19,1.12,1.00,0.01,0.07,-0.04,2020,8,2,0,2,17,0.0000000,0.0000000,-17.00,0.00,0.00,0.00,0,0,0,0,a,-46.82,22.03,a,-39.46,21.05,a,78.39,20.56,a,-34.20,20.95,fin
121,990.00,21.58,915.76,59.94,21.63,914.88,30081,-1.67,0.22,9.77,-0.05,-0.10,0.11,2.44,-0.44,0.62,14.56,-0.69,-28.38,4.00,-9.50,1.94,1.00,0.02,0.08,-0.04,2020,8,2,0,2,18,0.0000000,0.0000000,-17.00,0.00,0.00,0.00,0,0,0,0,a,-45.77,22.03,a,-39.46,21.05,a,84.70,20.56,a,-37.35,20.95,fin
122,980.00,21.58,915.74,59.98,21.63,914.88,30082,-1.36,0.62,9.61,0.02,0.39,-0.08,1.12,-0.56,0.00,13.88,0.38,-27.69,3.81,-8.12,1.31,1.00,0.01,0.07,-0.03,2020,8,2,0,2,19,0.0000000,0.0000000,-17.00,0.00,0.00,0.00,0,0,0,0,a,-43.66,22.03,a,-40.51,21.05,a,79.44,20.56,a,-37.35,20.95,fin
123,970.00,21.59,915.76,60.08,21.64,914.89,30098,-1.26,0.14,9.79,0.04,-0.11,0.08,-1.12,-5.06,0.75,13.88,-0.69,-28.75,3.75,-7.69,1.50,1.00,0.02,0.07,-0.03,2020,8,2,0,2,20,0.0000000,0.0000000,-17.00,0.00,0.00,0.00,0,0,0,0,a,-41.56,22.03,a,-39.46,21.05,a,81.54,20.56,a,-37.35,20.95,fin
124,960.00,21.60,915.75,60.09,21.65,914.88,30101,-1.21,0.52,9.71,0.03,0.23,0.00,0.69,-0.50,0.06,13.69,-1.38,-28.56,3.62,-7.31,1.75,1.00,0.02,0.06,-0.03,2020,8,2,0,2,21,0.0000000,0.0000000,-17.00,0.00,0.00,0.00,0,0,0,0,a,-45.77,22.03,a,-40.51,21.05,a,82.59,20.56,a,-36.30,20.95,fin
127,950.00,21.59,915.80,59.67,21.63,914.91,30108,-1.26,0.37,9.71,-0.01,0.04,0.00,0.00,-0.44,0.06,13.69,-0.25,-28.25,3.62,-7.31,1.88,1.00,0.02,0.06,-0.03,2020,8,2,0,2,23,0.0000000,0.0000000,-17.00,0.00,0.00,0.00,0,0,0,0,a,-46.82,22.03,a,-40.51,21.05,a,81.54,20.56,a,-36.30,20.95,fin
128,940.00,21.60,915.77,59.80,21.63,914.88,30111,-1.29,0.39,9.67,-0.03,0.07,-0.04,0.00,-0.19,-0.06,1.88,-19.38,-46.38,3.62,-7.31,1.88,1.00,0.02,0.06,-0.03,2020,8,2,0,2,24,0.0000000,0.0000000,-17.00,0.00,0.00,0.00,1,1,0,0,a,-46.82,22.03,a,-39.46,21.05,a,79.44,20.56,a,-36.30,20.95,fin
129,930.00,21.61,915.77,59.83,21.64,914.87,30120,-1.37,0.52,9.75,-0.03,0.18,0.04,-0.56,2.50,0.12,-2.50,-20.06,-36.56,3.62,-7.75,2.00,1.00,0.02,0.07,-0.03,2020,8,2,0,2,25,0.0000000,0.0000000,-17.00,0.00,0.00,0.00,1,1,0,0,a,-43.66,22.03,a,-40.51,21.05,a,78.39,20.56,a,-36.30,20.95,fin
131,920.00,21.62,915.74,59.78,21.65,914.86,30135,-1.43,0.36,9.66,0.00,0.02,-0.02,-0.06,0.12,0.00,-0.38,-12.06,-21.88,3.56,-8.44,1.94,1.00,0.02,0.07,-0.03,2020,8,2,0,2,27,0.0000000,0.0000000,-17.00,0.00,0.00,0.00,1,1,0,0,a,-43.66,22.03,a,-42.61,21.05,a,79.44,20.56,a,-37.35,20.95,fin
133,910.00,21.63,915.73,60.05,21.65,914.85,30136,-1.81,0.31,9.59,0.00,0.00,-0.03,0.12,-0.06,0.00,1.56,-11.69,-22.25,3.56,-10.69,1.81,1.00,0.02,0.09,-0.03,2020,8,2,0,2,29,0.0000000,0.0000000,-17.00,0.00,0.00,0.00,1,0,0,1,a,-41.56,22.03,a,-39.46,21.05,a,79.44,20.56,a,-37.35,20.95,fin
135,900.00,21.64,915.71,60.14,21.66,914.86,30145,-1.80,0.31,9.63,0.01,0.00,0.00,-0.38,0.12,0.00,3.75,-11.69,-20.69,3.56,-10.69,1.81,1.00,0.02,0.09,-0.03,2020,8,2,0,2,31,0.0000000,0.0000000,-17.00,0.00,0.00,0.00,1,0,0,1,a,-40.51,22.03,a,-40.51,21.05,a,79.44,20.56,a,-37.35,20.95,fin
138,890.00,21.64,915.71,60.27,21.66,914.86,30166,-1.83,0.30,9.64,0.00,0.01,0.02,0.44,0.12,0.00,4.06,-11.69,-21.06,3.56,-10.69,1.81,1.00,0.02,0.09,-0.03,2020,8,2,0,2,34,0.0000000,0.0000000,-17.00,0.00,0.00,0.00,1,0,0,1,a,-40.51,22.03,a,-39.46,21.05,a,81.54,20.56,a,-34.20,20.95,fin
139,880.00,21.66,915.71,60.20,21.68,914.85,30166,-1.81,0.31,9.61,0.00,0.01,-0.01,0.12,-0.06,-0.06,3.75,-12.00,-20.69,3.56,-10.69,1.81,1.00,0.02,0.09,-0.03,2020,8,2,0,2,35,0.0000000,0.0000000,-17.00,0.00,0.00,0.00,1,0,0,1,a,-45.77,22.03,a,-42.61,21.05,a,79.44,20.56,a,-36.30,20.95,fin
140,870.00,21.68,915.72,60.23,21.69,914.84,30163,-1.79,0.28,9.61,0.02,-0.02,-0.01,-0.31,0.00,0.00,4.06,-12.38,-20.38,3.56,-10.69,1.81,1.00,0.02,0.09,-0.03,2020,8,2,0,2,36,0.0000000,0.0000000,-17.00,0.00,0.00,0.00,1,0,0,1,a,-43.66,21.93,a,-42.61,21.05,a,81.54,20.56,a,-36.30,20.95,fin
142,860.00,21.67,915.67,60.04,21.69,914.83,30163,-2.58,-0.97,9.42,-0.24,-1.03,-0.10,-2.81,21.75,-0.50,5.25,-10.50,-21.19,3.44,-13.94,0.25,0.99,0.01,0.12,-0.03,2020,8,2,0,2,38,0.0000000,0.0000000,-17.00,0.00,0.00,0.00,1,0,0,1,a,-40.51,22.03,a,-39.46,21.05,a,81.54,20.56,a,-37.35,20.95,fin
143,850.00,21.68,915.69,60.20,21.70,914.85,30183,-2.91,0.04,9.36,-0.12,-0.11,-0.03,-1.38,-5.06,0.31,10.56,-9.88,-23.50,2.88,-16.56,0.88,0.99,0.01,0.14,-0.03,2020,8,2,0,2,39,0.0000000,0.0000000,-17.00,0.00,0.00,0.00,1,1,0,0,a,-41.56,22.03,a,-40.51,21.05,a,81.54,20.56,a,-36.30,20.95,fin
145,840.00,21.70,915.68,60.95,21.71,914.86,30185,0.47,0.07,9.73,0.01,0.12,-0.05,0.19,0.62,0.50,3.50,-10.38,-36.06,0.81,2.69,-0.25,1.00,-0.00,-0.02,-0.01,2020,8,2,0,2,41,0.0000000,0.0000000,-17.00,0.00,0.00,0.00,1,1,0,0,a,-43.66,21.93,a,-39.46,21.05,a,78.39,20.56,a,-37.35,20.95,fin
146,830.00,21.70,915.68,60.31,21.72,914.83,30170,-1.33,0.29,9.69,0.25,-0.05,0.02,-0.81,-4.25,-0.19,14.06,-13.56,-33.38,0.81,-9.31,2.00,1.00,0.02,0.08,-0.01,2020,8,2,0,2,42,0.0000000,0.0000000,-17.00,0.00,0.00,0.00,1,1,0,0,a,-43.66,22.03,a,-40.51,21.05,a,82.59,20.56,a,-37.35,20.95,fin
148,820.00,21.72,915.70,60.22,21.72,914.85,30185,-1.36,-0.22,10.18,-0.07,-0.71,0.47,4.50,-7.44,-1.00,15.50,-12.50,-44.19,1.12,-7.50,2.88,1.00,0.03,0.07,-0.01,2020,8,2,0,2,44,0.0000000,0.0000000,-17.00,0.00,0.00,0.00,0,0,0,0,a,-43.66,22.03,a,-39.46,21.05,a,79.44,20.56,a,-37.35,20.95,fin